0	306476023671401890615804188164096.000	0.998
1	nan	0.990
2	nan	1.000
3	nan	1.000
4	nan	1.000
5	nan	1.000
6	nan	1.000
7	nan	1.000
8	nan	1.000
9	nan	1.000
10	nan	1.000
11	nan	1.000
12	nan	1.000
13	nan	1.000
14	nan	1.000
15	nan	1.000
16	nan	1.000
17	nan	1.000
18	nan	1.000
19	nan	1.000
20	nan	1.000
21	nan	1.000
22	nan	1.000
23	nan	1.000
24	nan	1.000
25	nan	1.000
26	nan	1.000
27	nan	1.000
28	nan	1.000
29	nan	1.000
30	nan	1.000
31	nan	1.000
32	nan	1.000
33	nan	1.000
34	nan	1.000
35	nan	1.000
36	nan	1.000
37	nan	1.000
38	nan	1.000
39	nan	1.000
40	nan	1.000
41	nan	1.000
42	nan	1.000
43	nan	1.000
44	nan	1.000
45	nan	1.000
46	nan	1.000
47	nan	1.000
48	nan	1.000
49	nan	1.000
50	nan	1.000
51	nan	1.000
52	nan	1.000
53	nan	1.000
54	nan	1.000
55	nan	1.000
56	nan	1.000
57	nan	1.000
58	nan	1.000
59	nan	1.000
60	nan	1.000
61	nan	1.000
62	nan	1.000
63	nan	1.000
64	nan	1.000
65	nan	1.000
66	nan	1.000
67	nan	1.000
68	nan	1.000
69	nan	1.000
70	nan	1.000
71	nan	1.000
72	nan	1.000
73	nan	1.000
74	nan	1.000
75	nan	1.000
76	nan	1.000
77	nan	1.000
78	nan	1.000
79	nan	1.000
80	nan	1.000
81	nan	1.000
82	nan	1.000
83	nan	1.000
84	nan	1.000
85	nan	1.000
86	nan	1.000
87	nan	1.000
88	nan	1.000
89	nan	1.000
90	nan	1.000
91	nan	1.000
92	nan	1.000
93	nan	1.000
94	nan	1.000
95	nan	1.000
96	nan	1.000
97	nan	1.000
98	nan	1.000
99	nan	1.000
100	nan	1.000
101	nan	1.000
102	nan	1.000
103	nan	1.000
104	nan	1.000
105	nan	1.000
106	nan	1.000
107	nan	1.000
108	nan	1.000
109	nan	1.000
110	nan	1.000
111	nan	1.000
112	nan	1.000
113	nan	1.000
114	nan	1.000
115	nan	1.000
116	nan	1.000
117	nan	1.000
118	nan	1.000
119	nan	1.000
120	nan	1.000
121	nan	1.000
122	nan	1.000
123	nan	1.000
124	nan	1.000
125	nan	1.000
126	nan	1.000
127	nan	1.000
128	nan	1.000
129	nan	1.000
130	nan	1.000
131	nan	1.000
132	nan	1.000
133	nan	1.000
134	nan	1.000
135	nan	1.000
136	nan	1.000
137	nan	1.000
138	nan	1.000
139	nan	1.000
140	nan	1.000
141	nan	1.000
142	nan	1.000
143	nan	1.000
144	nan	1.000
145	nan	1.000
146	nan	1.000
147	nan	1.000
148	nan	1.000
149	nan	1.000
0	5.263	1.166
1	4.575	1.878
2	4.421	4.414
3	59.792	4.416
4	4.615	1.000
5	4.607	0.942
0	3.934	11.230
1	3.565	17.460
2	3.397	20.414
3	3.290	22.090
4	3.221	23.422
5	3.177	24.306
0	3.923	11.476
1	3.549	17.472
2	3.376	20.752
3	3.250	22.942
4	3.169	24.588
5	3.100	25.860
6	3.062	26.550
7	3.021	27.652
8	2.990	27.912
9	2.956	28.810
10	2.936	29.014
11	2.922	29.206
12	2.904	29.678
13	2.874	30.332
14	2.928	29.408
15	2.868	30.556
16	2.860	30.564
17	2.849	31.012
18	2.816	31.314
19	2.818	31.380
20	2.816	31.530
21	2.806	31.728
22	2.791	31.902
23	2.801	31.800
24	2.792	31.818
25	2.788	32.050
26	2.766	32.480
27	2.771	32.128
28	2.761	32.480
29	2.763	32.344
30	2.762	32.470
31	2.757	32.586
32	2.740	32.782
33	2.746	32.760
34	2.746	32.910
35	2.734	33.018
36	2.736	33.204
37	2.748	32.646
38	2.738	33.256
39	2.746	32.860
40	2.733	33.354
41	2.721	33.592
42	2.870	31.192
43	2.766	32.646
44	2.749	32.858
45	2.738	32.940
46	2.715	33.706
47	2.765	32.662
48	2.715	33.668
49	2.697	33.840
50	2.833	31.974
51	2.789	32.176
52	2.751	32.830
53	2.721	33.426
54	2.716	33.548
55	2.705	33.702
56	2.710	33.544
57	2.713	33.572
58	2.691	33.854
59	2.703	33.782
60	2.684	34.092
61	2.691	34.060
62	2.682	33.958
63	2.688	34.030
64	2.686	34.028
65	2.686	34.170
66	2.688	33.854
67	2.680	34.154
68	2.689	34.138
69	2.711	33.724
70	2.518	37.796
71	2.456	39.044
72	2.439	39.498
73	2.428	39.520
74	2.410	40.158
75	2.403	40.088
76	2.396	40.262
77	2.386	40.544
78	2.382	40.600
79	2.385	40.536
80	2.371	40.772
81	2.374	40.764
82	2.367	40.978
83	2.365	41.120
84	2.358	41.270
85	2.357	41.308
86	2.353	41.374
87	2.346	41.292
88	2.345	41.144
89	2.343	41.524
90	2.345	41.440
91	2.344	41.392
92	2.343	41.336
93	2.343	41.238
94	2.334	41.480
95	2.329	41.956
96	2.329	41.572
97	2.333	41.580
98	2.333	41.652
99	2.323	42.078
100	2.318	42.084
101	2.321	41.880
102	2.321	41.870
103	2.318	42.202
104	2.327	41.830
105	2.317	41.934
106	2.314	41.962
107	2.318	41.972
108	2.317	41.982
109	2.307	42.312
110	2.313	41.972
111	2.307	42.416
112	2.315	42.144
113	2.307	42.332
114	2.302	42.396
115	2.308	42.098
116	2.306	42.048
117	2.306	42.368
118	2.306	42.112
119	2.299	42.512
120	2.310	42.426
121	2.305	42.358
122	2.306	42.364
123	2.304	42.256
124	2.303	42.296
125	2.302	42.110
126	2.304	42.464
127	2.294	42.654
128	2.296	42.236
129	2.288	42.690
130	2.292	42.518
131	2.297	42.586
132	2.297	42.550
133	2.288	42.794
134	2.290	42.592
135	2.294	42.490
136	2.289	42.450
137	2.292	42.574
138	2.293	42.660
139	2.291	42.608
140	2.256	43.352
141	2.246	43.934
142	2.248	43.898
143	2.245	44.018
144	2.243	43.938
145	2.249	43.784
146	2.249	43.858
147	2.245	43.948
148	2.242	44.102
149	2.239	44.290
0	3.932	11.462
1	3.512	18.244
2	3.340	21.096
3	3.224	23.204
4	3.145	24.638
5	3.083	26.048
6	3.025	27.524
0	4.033	9.600
1	3.660	15.672
2	3.485	18.568
3	3.372	20.692
4	3.278	22.262
5	3.201	24.116
6	3.134	25.162
7	3.084	26.150
8	3.032	27.340
9	2.986	28.036
10	2.949	28.960
11	2.909	29.670
12	2.876	30.396
13	2.850	30.676
14	2.822	31.176
15	2.796	31.624
16	2.789	31.846
17	2.761	32.580
18	2.755	32.732
19	2.749	32.808
20	2.727	33.184
21	2.718	33.274
22	2.704	33.492
23	2.693	33.904
24	2.685	33.904
25	2.681	34.166
26	2.666	34.134
27	2.662	34.322
28	2.651	34.646
29	2.646	34.816
30	2.644	34.744
31	2.634	34.916
32	2.634	34.952
33	2.624	35.158
34	2.626	35.220
35	2.617	35.234
35	2.534	37.044
36	2.496	38.236
37	2.482	38.640
38	2.479	38.598
39	2.466	38.908
40	2.462	39.052
41	2.456	39.224
42	2.457	38.946
43	2.460	39.096
44	2.451	39.288
45	2.459	39.232
46	2.450	39.294
47	2.448	39.162
48	2.444	39.370
49	2.445	39.398
50	2.434	39.622
51	2.438	39.636
52	2.433	39.690
53	2.439	39.792
54	2.430	40.016
55	2.422	39.896
56	2.424	39.946
57	2.413	40.260
58	2.416	40.202
57	2.596	35.806
58	2.618	35.190
59	2.608	35.438
60	2.603	35.824
61	2.590	35.758
62	2.592	36.002
63	2.584	36.012
64	2.587	35.838
65	2.587	36.080
66	2.578	36.020
67	2.577	36.440
68	2.572	36.438
69	2.567	36.436
70	2.451	39.026
71	2.410	40.078
72	2.385	40.660
73	2.379	40.856
74	2.362	41.110
75	2.362	41.044
76	2.354	41.384
77	2.336	41.916
78	2.338	41.588
